pils/analyze/ekf/ekfTestData/sample_photo.ecsv
# %ECSV 1.0
# ---
# datatype:
# - {name: frame, datatype: float64}
# - {name: time, datatype: float64}
# - {name: quat_x_corr, datatype: float64}
# - {name: quat_y_corr, datatype: float64}
# - {name: quat_z_corr, datatype: float64}
# - {name: quat_w_corr, datatype: float64}
# - {name: rvec_x_corr, datatype: float64}
# - {name: rvec_y_corr, datatype: float64}
# - {name: rvec_z_corr, datatype: float64}
# - {name: drone_E, datatype: float64}
# - {name: drone_N, datatype: float64}
# - {name: drone_U, datatype: float64}
# - {name: projection_error, datatype: float64}
# - {name: quat_x_corr_world, datatype: float64}
# - {name: quat_y_corr_world, datatype: float64}
# - {name: quat_z_corr_world, datatype: float64}
# - {name: quat_w_corr_world, datatype: float64}
# schema: astropy-2.0
frame time quat_x_corr quat_y_corr quat_z_corr quat_w_corr rvec_x_corr rvec_y_corr rvec_z_corr drone_E drone_N drone_U projection_error quat_x_corr_world quat_y_corr_world quat_z_corr_world quat_w_corr_world
[from data line 6352]
11919.0 1764602463.9583333 0.6916700251984972 0.6320927591263933 0.24686424724049472 0.24720308156711476 1.885929537637762 1.7234842649445585 0.6731079253057849 -178.05957810059664 -378.7249284662529 366.58322525358165 4.1691812309939085 0.6916700251984972 0.6320927591263933 0.24686424724049477 -0.24720308156711482
11920.0 1764602463.9917 0.6926653997001471 0.6322284512191514 0.24520311176656526 0.24571785345648317 1.890097822057083 1.725181623348216 0.6690934291105548 -178.08168945192892 -376.9467924004668 367.98603043063287 4.744746297334654 0.6926653997001472 0.6322284512191515 0.2452031117665653 -0.24571785345648317
11921.0 1764602464.0250666 0.6926615625342891 0.6322703050918457 0.24515245825922238 0.24567151502785578 1.890132767643993 1.7253372877944295 0.6689712833622034 -178.08168945192892 -376.9467924004668 367.98603043063287 4.733739567319503 0.6926615625342891 0.6322703050918457 0.24515245825922238 -0.2456715150278558
11922.0 1764602464.0584333 0.6926568483463851 0.6322738110288105 0.24515831879372865 0.24566993518171795 1.8901214520222422 1.7253482682376906 0.6689878236243277 -178.08168945192892 -376.9467924004668 367.98603043063287 4.741916640080283 0.692656848346385 0.6322738110288105 0.24515831879372865 -0.245669935181718
11923.0 1764602464.0918 0.692545752975244 0.6323800533088196 0.24521549928771125 0.24565261472690514 1.8898352686792463 1.7256536811005316 0.6691498677016258 -178.08168945192892 -376.9467924004668 367.98603043063287 4.6359198809774735 0.692545752975244 0.6323800533088196 0.24521549928771125 -0.24565261472690514
11924.0 1764602464.1251667 0.6925143069934865 0.632393961254343 0.24525140918588983 0.24566961283542407 1.8897328011664538 1.725676422527917 0.6692419604772597 -178.08168945192892 -376.9467924004668 367.98603043063287 4.6269175750869 0.6925143069934863 0.632393961254343 0.24525140918588978 -0.24566961283542402
11925.0 1764602464.1585333 0.6925535221903822 0.6323036593366803 0.24528288932640138 0.24576005675217305 1.8897511838089724 1.7253490892358225 0.6692964740207185 -178.08168945192892 -376.9467924004668 367.98603043063287 4.689905747763879 0.6925535221903822 0.6323036593366802 0.24528288932640135 -0.24576005675217302
11926.0 1764602464.1919 0.6925650110120901 0.6322291120283898 0.24533101563059104 0.24587140581059833 1.8896734320461046 1.7250460779418333 0.669389147477337 -178.08168945192892 -376.9467924004668 367.98603043063287 4.755835671279141 0.6925650110120901 0.6322291120283897 0.24533101563059098 -0.24587140581059824
11927.0 1764602464.2252667 0.6925579947925647 0.6322197924538423 0.24533300487287824 0.24591314442007042 1.889613396643501 1.7249833204247054 0.6693800896565334 -178.08168945192892 -376.9467924004668 367.98603043063287 4.8006854066223 0.692557994792565 0.6322197924538423 0.24533300487287826 -0.24591314442007037
11928.0 1764602464.2586334 0.692576589121783 0.6322054392927173 0.2453099094475262 0.24592071701258805 1.889656711557595 1.7249373862861441 0.6693144470662907 -178.08168945192892 -376.9467924004668 367.98603043063287 4.766586093581352 0.6925765891217831 0.6322054392927173 0.2453099094475262 -0.24592071701258808
11929.0 1764602464.292 0.6925615032484883 0.6322315420648076 0.24528816175135973 0.2459177893955382 1.8896184187103626 1.7250112245217746 0.6692561255035189 -178.08168945192892 -376.9467924004668 367.98603043063287 4.693400137037646 0.6925615032484883 0.6322315420648076 0.24528816175135973 -0.24591778939553824
11930.0 1764602464.3253667 0.6925413083052423 0.6322518723288324 0.24528644700887153 0.2459241044332848 1.8895571313433155 1.7250610466654606 0.6692492557616423 -178.08168945192892 -376.9467924004668 367.98603043063287 4.628260670192006 0.6925413083052423 0.6322518723288325 0.2452864470088716 -0.24592410443328477
11931.0 1764602464.3587334 0.6925126487320152 0.6322733283412579 0.24529702689107086 0.2459390945190242 1.8894642512518454 1.7251061812491593 0.6692729210039251 -178.08168945192892 -376.9467924004668 367.98603043063287 4.561690511818411 0.6925126487320152 0.632273328341258 0.2452970268910708 -0.2459390945190242
11932.0 1764602464.3921 0.692460813703133 0.6323271527027677 0.24532297004867723 0.24592078766729245 1.889340755557095 1.7252694113589067 0.6693500576712582 -178.08168945192892 -376.9467924004668 367.98603043063287 4.575327567166905 0.6924608137031331 0.6323271527027676 0.24532297004867723 -0.2459207876672925
11933.0 1764602464.4254668 0.6924655500681599 0.6323206126585889 0.2453186741031441 0.2459285524540471 1.8893460725881601 1.7252446219533253 0.6693356419011577 -178.08168945192892 -376.9467924004668 367.98603043063287 4.564162845997008 0.6924655500681599 0.632320612658589 0.2453186741031441 -0.24592855245404716
11934.0 1764602464.4588332 0.6924610548483956 0.6323230432538447 0.24532832932751586 0.24592532874393797 1.8893369653867322 1.7252541371397103 0.6693631042637107 -178.08168945192892 -376.9467924004668 367.98603043063287 4.549849736791469 0.6924610548483954 0.6323230432538446 0.24532832932751586 -0.24592532874393794
11935.0 1764602464.4922 0.6924817303945044 0.6323323253431122 0.2452876959220809 0.24588377259437516 1.8894340850042792 1.7253166345235509 0.6692666578269381 -178.08168945192892 -376.9467924004668 367.98603043063287 4.580217219703163 0.6924817303945042 0.6323323253431122 0.24528769592208094 -0.24588377259437516
11936.0 1764602464.5255666 0.6925142378084679 0.6323107755561439 0.24525498745780458 0.2458802649161104 1.8895262176940446 1.7252609735862665 0.6691786298694339 -178.08168945192892 -376.9467924004668 367.98603043063287 4.613619204108864 0.6925142378084679 0.6323107755561439 0.2452549874578046 -0.24588026491611037
11937.0 1764602464.5589333 0.6924849586001774 0.6323412127574513 0.24527455929566858 0.2458649290225466 1.8894613527775919 1.7253577401723086 0.6692373528885525 -178.08168945192892 -376.9467924004668 367.98603043063287 4.609602933891023 0.6924849586001776 0.6323412127574514 0.24527455929566858 -0.24586492902254664
11938.0 1764602464.5923 0.6923898132076812 0.6324369260116234 0.2452957360515672 0.24586557924630428 1.8892011094611723 1.7256183142703079 0.6692949085253449 -178.08168945192892 -376.9467924004668 367.98603043063287 4.418892319300206 0.6923898132076812 0.6324369260116234 0.24529573605156718 -0.2458655792463043
11939.0 1764602464.6256666 0.6923510994392513 0.6324842465860353 0.24529195099906737 0.24585664868135287 1.8891042251331522 1.7257554202247285 0.6692876799051731 -178.08168945192892 -376.9467924004668 367.98603043063287 4.4279709647291705 0.6923510994392513 0.6324842465860354 0.24529195099906742 -0.24585664868135287
11940.0 1764602464.6590333 0.6923314867498747 0.6325010729917919 0.2453236909693721 0.24583692108408814 1.8890700332533623 1.725818983906856 0.6693811301764158 -178.08168945192892 -376.9467924004668 367.98603043063287 4.393250120876991 0.6923314867498747 0.6325010729917918 0.2453236909693721 -0.2458369210840881
11941.0 1764602464.6924 0.6922748121525693 0.632560447732531 0.24535218762218494 0.24581531370635362 1.8889365550352648 1.7260003282166465 0.6694663852009048 -178.08168945192892 -376.9467924004668 367.98603043063287 4.352496611786533 0.6922748121525691 0.6325604477325312 0.24535218762218497 -0.24581531370635362
11942.0 1764602464.7257667 0.6922819256616664 0.6325405956373827 0.2453591438503117 0.24583942076469809 1.8889323545623378 1.7259245870554814 0.6694769979204617 -178.08168945192892 -376.9467924004668 367.98603043063287 4.295110197339813 0.6922819256616662 0.6325405956373827 0.2453591438503117 -0.24583942076469806
11943.0 1764602464.7591333 0.6922666175852267 0.6325337029718151 0.24538307977890933 0.24587636921853712 1.8888544006128927 1.7258727173092252 0.669529482286896 -178.08168945192892 -376.9467924004668 367.98603043063287 4.274936240663213 0.6922666175852268 0.6325337029718151 0.24538307977890927 -0.2458763692185371
11944.0 1764602464.7925 0.6922342085928476 0.6325694386344886 0.2453694308110999 0.24588930066783898 1.8887533092047064 1.725958650543059 0.6694877523666615 -178.08168945192892 -376.9467924004668 367.98603043063287 4.301316261328342 0.6922342085928475 0.6325694386344886 0.24536943081109988 -0.24588930066783893
11945.0 1764602464.8258667 0.6922630991192671 0.6325408334883422 0.24534940976302252 0.24590153048852254 1.8888201602095172 1.7258696584702293 0.6694288805014895 -178.08168945192892 -376.9467924004668 367.98603043063287 4.288541878917708 0.6922630991192669 0.6325408334883421 0.2453494097630225 -0.24590153048852254
11946.0 1764602464.8592334 0.6922646303252946 0.6325391969173687 0.24535263168864363 0.24589821489219968 1.888827584962532 1.7258681599060715 0.6694388222014138 -178.08168945192892 -376.9467924004668 367.98603043063287 4.302534993297491 0.6922646303252945 0.6325391969173686 0.24535263168864363 -0.24589821489219968
11947.0 1764602464.8926 0.6922494433564523 0.6325302588722685 0.24538406337188598 0.2459325948847878 1.8887524814022174 1.7258130107181813 0.6695126489997902 -178.08168945192892 -376.9467924004668 367.98603043063287 4.341017730354243 0.6922494433564523 0.6325302588722684 0.24538406337188595 -0.2459325948847878
11948.0 1764602464.9259667 0.6921871356361942 0.6325740358433957 0.24543970167098705 0.24593985297266518 1.8885753727136831 1.7259259584677424 0.669661934176203 -178.08168945192892 -376.9467924004668 367.98603043063287 4.259119075416922 0.6921871356361943 0.6325740358433957 0.24543970167098705 -0.24593985297266516
11949.0 1764602464.9593334 0.6921884138235526 0.6325602811556388 0.24542933116121232 0.24598197876774125 1.8885376148792186 1.7258507377234429 0.669619014759687 -178.08168945192892 -376.9467924004668 367.98603043063287 4.18758746897882 0.6921884138235526 0.6325602811556388 0.24542933116121235 -0.24598197876774122
11950.0 1764602464.9927 0.6928752693319302 0.6327433786785577 0.24413110232763055 0.2448666632331656 1.8915054328333372 1.7273491944860484 0.6664623876986516 -178.1000510684135 -375.6510744491319 369.12480669752983 4.626204390459679 0.6928752693319301 0.6327433786785577 0.24413110232763047 -0.24486666323316564
11951.0 1764602465.0260668 0.6928677882257847 0.6327751528416672 0.24409976341036388 0.24483696511825634 1.891514156749167 1.7274625548750386 0.6663871029884934 -178.1000510684135 -375.6510744491319 369.12480669752983 4.631098565393583 0.6928677882257848 0.6327751528416672 0.24409976341036388 -0.24483696511825634
11952.0 1764602465.0594332 0.6928982710839884 0.6327623984611404 0.24407089067118662 0.24481244525043802 1.8916214409140595 1.7274497135932567 0.6663167584100452 -178.1000510684135 -375.6510744491319 369.12480669752983 4.628455846222343 0.6928982710839883 0.6327623984611402 0.2440708906711866 -0.24481244525043805
11953.0 1764602465.0928 0.6929536241912563 0.6327342296310112 0.24402691860745954 0.24477240932834302 1.8918118562350277 1.7274086976003835 0.6662105539903708 -178.1000510684135 -375.6510744491319 369.12480669752983 4.5867969170418315 0.6929536241912563 0.6327342296310113 0.24402691860745954 -0.24477240932834302
11954.0 1764602465.1261666 0.6929571253452287 0.6327489113062055 0.24399596376358673 0.24475540308881227 1.891838109214842 1.7274640236607877 0.6661319234037592 -178.1000510684135 -375.6510744491319 369.12480669752983 4.604440797647425 0.6929571253452289 0.6327489113062055 0.24399596376358673 -0.24475540308881233
11955.0 1764602465.1595333 0.6929064013286872 0.632797988690275 0.24401965392449237 0.2447485097111765 1.8917063945376649 1.7276041891957135 0.6661989827726518 -178.1000510684135 -375.6510744491319 369.12480669752983 4.556310923237187 0.6929064013286872 0.632797988690275 0.2440196539244924 -0.2447485097111765
11956.0 1764602465.1929 0.6927582076352407 0.6329167022306006 0.24410045972312455 0.24478047175889964 1.89127044308918 1.7278996317521482 0.6664085384058056 -178.1000510684135 -375.6510744491319 369.12480669752983 4.631917284820781 0.6927582076352407 0.6329167022306006 0.24410045972312455 -0.24478047175889964
11957.0 1764602465.2262666 0.6928195187132501 0.6328239774591936 0.24411463428341007 0.24483254148773495 1.8913867233291566 1.7275998104003438 0.6664292298108491 -178.1000510684135 -375.6510744491319 369.12480669752983 4.625176274855293 0.6928195187132501 0.6328239774591937 0.24411463428341013 -0.244832541487735
11958.0 1764602465.2596333 0.6928067926949975 0.6328423030698482 0.24411705900814812 0.24481876754475632 1.8913654990236728 1.7276621865858859 0.6664406123027196 -178.1000510684135 -375.6510744491319 369.12480669752983 4.57997484420794 0.6928067926949975 0.6328423030698483 0.24411705900814815 -0.2448187675447564
11959.0 1764602465.293 0.6927637190797751 0.6328904072605063 0.24413548356304987 0.24479793216002643 1.891268354565904 1.727812190785768 0.6664981169954581 -178.1000510684135 -375.6510744491319 369.12480669752983 4.525841671232119 0.692763719079775 0.6328904072605062 0.24413548356304993 -0.24479793216002643
11960.0 1764602465.3263667 0.6927169673876475 0.6328983093249027 0.24419166939211204 0.2448537558348534 1.8910859435095866 1.7277837165572625 0.666632196481402 -178.1000510684135 -375.6510744491319 369.12480669752983 4.420148911870654 0.6927169673876477 0.6328983093249027 0.24419166939211198 -0.2448537558348534
11961.0 1764602465.3597333 0.6926847320154974 0.6328800366495558 0.24426367240337496 0.24492035355823724 1.8909326010541856 1.7276741330430225 0.6668057199078375 -178.1000510684135 -375.6510744491319 369.12480669752983 4.4701108792791455 0.6926847320154976 0.6328800366495558 0.24426367240337496 -0.24492035355823732
11962.0 1764602465.3931 0.6927333057888564 0.6327756051894046 0.2442977156456411 0.24501882919144596 1.8909685861365848 1.7273007974174677 0.6668645813481928 -178.1000510684135 -375.6510744491319 369.12480669752983 4.391146852007807 0.6927333057888564 0.6327756051894046 0.2442977156456411 -0.24501882919144594
11963.0 1764602465.4264667 0.692640594139349 0.6328536936357666 0.24432965209410776 0.24504740543296727 1.8906874790426145 1.7274883464053665 0.6669418712704412 -178.1000510684135 -375.6510744491319 369.12480669752983 4.405622194218291 0.692640594139349 0.6328536936357667 0.24432965209410776 -0.2450474054329673
11964.0 1764602465.4598334 0.6926070000230686 0.6328341902063241 0.24440502781134224 0.2451175505864234 1.890526980765336 1.7273722484698975 0.6671233459908075 -178.1000510684135 -375.6510744491319 369.12480669752983 4.368024992647626 0.6926070000230686 0.6328341902063243 0.24440502781134227 -0.2451175505864234
11965.0 1764602465.4932 0.692709830170565 0.6326832581266678 0.24439891612047301 0.2452226658986263 1.8907045649844305 1.7268661021235554 0.6670702886841471 -178.1000510684135 -375.6510744491319 369.12480669752983 4.403938419320702 0.6927098301705649 0.6326832581266678 0.24439891612047304 -0.24522266589862626
11966.0 1764602465.5265667 0.6927220141082834 0.6326915050632429 0.2443642843976044 0.2452014826656201 1.8907585963765827 1.7269075872991808 0.6669830927301228 -178.1000510684135 -375.6510744491319 369.12480669752983 4.4409951072519 0.6927220141082834 0.6326915050632429 0.24436428439760433 -0.24520148266562009
11967.0 1764602465.5599334 0.6927746596592833 0.6326995387542343 0.2442682266244306 0.2451277178450026 1.8909746475746207 1.7269955975364768 0.6667464193652549 -178.1000510684135 -375.6510744491319 369.12480669752983 4.490226104935734 0.6927746596592833 0.6326995387542343 0.2442682266244306 -0.24512771784500256
11968.0 1764602465.5933 0.6927374316822289 0.6328218713063767 0.24418277172184258 0.2450022529219749 1.8909961109195825 1.7274419467116973 0.666556548789731 -178.1000510684135 -375.6510744491319 369.12480669752983 4.4113274921438554 0.6927374316822289 0.6328218713063768 0.2441827717218426 -0.2450022529219749
