pils/analyze/ekf/ekfTestData/sample_photo.ecsv
# %ECSV 1.0
# ---
# datatype:
# - {name: frame, datatype: float64}
# - {name: time, datatype: float64}
# - {name: quat_x_corr, datatype: float64}
# - {name: quat_y_corr, datatype: float64}
# - {name: quat_z_corr, datatype: float64}
# - {name: quat_w_corr, datatype: float64}
# - {name: rvec_x_corr, datatype: float64}
# - {name: rvec_y_corr, datatype: float64}
# - {name: rvec_z_corr, datatype: float64}
# - {name: drone_E, datatype: float64}
# - {name: drone_N, datatype: float64}
# - {name: drone_U, datatype: float64}
# - {name: projection_error, datatype: float64}
# - {name: quat_x_corr_world, datatype: float64}
# - {name: quat_y_corr_world, datatype: float64}
# - {name: quat_z_corr_world, datatype: float64}
# - {name: quat_w_corr_world, datatype: float64}
# schema: astropy-2.0
frame time quat_x_corr quat_y_corr quat_z_corr quat_w_corr rvec_x_corr rvec_y_corr rvec_z_corr drone_E drone_N drone_U projection_error quat_x_corr_world quat_y_corr_world quat_z_corr_world quat_w_corr_world
[from data line 5432]
10999.0 1764602433.261 0.699161403805408 0.641924993771401 0.22392053697010497 0.2212808778983351 1.932379213500668 1.7741862005524027 0.6188834062661852 -178.13029938303242 -352.7196744996294 390.5937209183297 4.681420358986023 0.6991614038054083 0.6419249937714009 0.22392053697010492 -0.22128087789833512
11000.0 1764602433.2943666 0.6991018416895997 0.6419727100353342 0.2239570491366001 0.22129368418037845 1.9322015223879188 1.7743060791599456 0.6189801334887289 -178.13029938303242 -352.7196744996294 390.5937209183297 4.680297654493765 0.6991018416895997 0.6419727100353342 0.22395704913660017 -0.2212936841803785
11001.0 1764602433.3277333 0.6991131634393719 0.6419487592031397 0.22395218393184804 0.22133231706079173 1.9321933854793967 1.7742036786245965 0.6189540564906099 -178.13029938303242 -352.7196744996294 390.5937209183297 4.687382060795734 0.6991131634393721 0.6419487592031398 0.2239521839318481 -0.22133231706079173
11002.0 1764602433.3611 0.6990814435825117 0.6419422549240913 0.2240217957477882 0.22138091970967322 1.9320561204958828 1.7741401577978397 0.6191305542040285 -178.13029938303242 -352.7196744996294 390.5937209183297 4.681302434687344 0.6990814435825118 0.6419422549240913 0.22402179574778824 -0.22138091970967325
11003.0 1764602433.3944666 0.6989954033575726 0.6419548893003704 0.22418094892590207 0.22145484489397724 1.9317429061441964 1.7741058060094306 0.619546216899445 -178.13029938303242 -352.7196744996294 390.5937209183297 4.62359818057116 0.6989954033575727 0.6419548893003704 0.22418094892590204 -0.22145484489397727
11004.0 1764602433.4278333 0.6989496720263538 0.641904958564703 0.22433377725243875 0.22158911644742993 1.931479555877725 1.7738420288399739 0.6199246123111071 -178.13029938303242 -352.7196744996294 390.5937209183297 4.624368949040681 0.6989496720263537 0.641904958564703 0.22433377725243875 -0.22158911644742993
11005.0 1764602433.4612 0.6989913022795822 0.6418172076938052 0.2243283788179495 0.22171740956120564 1.931463742700906 1.7734793867381895 0.6198676989723678 -178.13029938303242 -352.7196744996294 390.5937209183297 4.544862742966257 0.6989913022795821 0.6418172076938052 0.2243283788179495 -0.22171740956120564
11006.0 1764602433.4945667 0.6990109053845778 0.641822466891306 0.22426930445406132 0.22170014485038772 1.9315355189201477 1.7735100870271192 0.6197101132752846 -178.13029938303242 -352.7196744996294 390.5937209183297 4.643149573284773 0.6990109053845777 0.641822466891306 0.22426930445406135 -0.2217001448503877
11007.0 1764602433.5279334 0.698970635608792 0.6418817058038522 0.22427946793135836 0.22164531706175308 1.9314801631315803 1.7737251304661343 0.6197561402988289 -178.13029938303242 -352.7196744996294 390.5937209183297 4.587610534056385 0.6989706356087918 0.6418817058038522 0.22427946793135833 -0.22164531706175306
11008.0 1764602433.5613 0.6989677016459109 0.6418736574596162 0.2243009701506306 0.2216561181306172 1.9314610392864942 1.7736927737980355 0.6198120226441801 -178.13029938303242 -352.7196744996294 390.5937209183297 4.542460743992874 0.6989677016459108 0.6418736574596161 0.2243009701506305 -0.2216561181306172
11009.0 1764602433.5946667 0.6989997582828462 0.6418265883154924 0.22431187543294365 0.2216802900385451 1.9315249672612294 1.7735400696402372 0.6198342456029916 -178.13029938303242 -352.7196744996294 390.5937209183297 4.6152748147225395 0.6989997582828463 0.6418265883154924 0.2243118754329437 -0.2216802900385451
11010.0 1764602433.6280334 0.6989631796251943 0.6418750088118477 0.22429610058184288 0.22167139160209315 1.9314329660124934 1.7736822027500052 0.6197935677300305 -178.13029938303242 -352.7196744996294 390.5937209183297 4.530115686901055 0.6989631796251945 0.6418750088118476 0.22429610058184288 -0.2216713916020932
11011.0 1764602433.6614 0.6989357569219868 0.6419264769396037 0.224278538464753 0.22162658478601346 1.9314028872808844 1.7738663943066537 0.6197597024561876 -178.13029938303242 -352.7196744996294 390.5937209183297 4.606009961321338 0.698935756921987 0.6419264769396038 0.224278538464753 -0.22162658478601346
11012.0 1764602433.6947668 0.6989150587547167 0.6419545035904441 0.22428809127776628 0.2216010110013349 1.93137177385808 1.7739677988119924 0.6197944704156212 -178.13029938303242 -352.7196744996294 390.5937209183297 4.544055396959067 0.6989150587547167 0.641954503590444 0.22428809127776628 -0.22160101100133492
11013.0 1764602433.7281334 0.6989169523683182 0.6419509634947504 0.22430780866588992 0.22158533600364924 1.931392994114496 1.7739727005583137 0.6198540881208604 -178.13029938303242 -352.7196744996294 390.5937209183297 4.532244504331085 0.6989169523683181 0.6419509634947504 0.22430780866588995 -0.22158533600364924
11014.0 1764602433.7615 0.6988827214853421 0.6419891115359099 0.2243173272030295 0.2215731459249147 1.9313108329016802 1.7740895397715626 0.6198843821950859 -178.13029938303242 -352.7196744996294 390.5937209183297 4.4020244114180835 0.6988827214853421 0.64198911153591 0.2243173272030295 -0.22157314592491476
11015.0 1764602433.7948666 0.6989022516430442 0.6419709968349261 0.2242856208980854 0.2215961239043105 1.9313413672503432 1.774017954366926 0.6197892433477776 -178.13029938303242 -352.7196744996294 390.5937209183297 4.440708285059023 0.6989022516430442 0.6419709968349261 0.22428562089808543 -0.22159612390431055
11016.0 1764602433.8282332 0.6988810055574984 0.6419889402770987 0.22429846394080988 0.22159814914980894 1.9312805904719665 1.7740656417837375 0.6198240708173367 -178.13029938303242 -352.7196744996294 390.5937209183297 4.3993690902596025 0.6988810055574984 0.6419889402770987 0.22429846394080988 -0.2215981491498089
11017.0 1764602433.8616 0.6988983761741405 0.6419590878887622 0.22429195020315007 0.22163643728467877 1.9312895431184318 1.773947280198712 0.6197935390896553 -178.13029938303242 -352.7196744996294 390.5937209183297 4.325127651628568 0.6988983761741409 0.6419590878887623 0.22429195020315004 -0.2216364372846788
11018.0 1764602433.8949666 0.6988891305315518 0.6420034841726189 0.22421981246334116 0.22160998450876107 1.9312909723005491 1.7740947440762944 0.6196028535914158 -178.13029938303242 -352.7196744996294 390.5937209183297 4.4499005667362335 0.6988891305315519 0.642003484172619 0.22421981246334122 -0.22160998450876104
11019.0 1764602433.9283333 0.698979747047038 0.6419420958848006 0.22413377527895081 0.22158905552462035 1.931562727420517 1.7739447112905342 0.6193719462028039 -178.13029938303242 -352.7196744996294 390.5937209183297 4.511161869827226 0.6989797470470378 0.6419420958848007 0.22413377527895084 -0.22158905552462035
11020.0 1764602433.9617 0.6990381196263648 0.6419476492018751 0.22402105744706297 0.22150279640158516 1.9318120336677924 1.7740408697250687 0.6190886625789926 -178.13029938303242 -352.7196744996294 390.5937209183297 4.530315922771788 0.6990381196263648 0.6419476492018751 0.22402105744706297 -0.22150279640158513
11021.0 1764602433.9950666 0.6995915305758906 0.6421004958075607 0.22284627055096567 0.22049531362750782 1.934370749421645 1.7754080245323154 0.6161699913900381 -178.12298597951101 -351.58220619846134 391.6207841979625 4.839482187411684 0.6995915305758907 0.6421004958075607 0.2228462705509657 -0.22049531362750785
11022.0 1764602434.0284333 0.699562376598273 0.6421509346621089 0.2228333368939228 0.22045399141198505 1.9343323845914924 1.7755862668782625 0.6161476865243486 -178.12298597951101 -351.58220619846134 391.6207841979625 4.8240228208728 0.6995623765982729 0.642150934662109 0.22283333689392282 -0.22045399141198502
11023.0 1764602434.0618 0.6995180270753544 0.6421834983048457 0.22286861710241815 0.22046420075016623 1.934199318367575 1.7756667256758674 0.6162419131459849 -178.12298597951101 -351.58220619846134 391.6207841979625 4.823166692183302 0.6995180270753546 0.6421834983048457 0.22286861710241815 -0.2204642007501662
11024.0 1764602434.0951667 0.6995001151801835 0.6421699257492203 0.2229455514792585 0.220482780283995 1.9341307979633164 1.7756117604032804 0.616448586679469 -178.12298597951101 -351.58220619846134 391.6207841979625 4.801680703561854 0.6995001151801834 0.6421699257492202 0.22294555147925849 -0.220482780283995
11025.0 1764602434.1285334 0.6994348613761435 0.6422166654552331 0.2230265892276773 0.2204716984122107 1.9339616974752547 1.775751397388188 0.6166762695188513 -178.12298597951101 -351.58220619846134 391.6207841979625 4.747069792068832 0.6994348613761435 0.6422166654552333 0.22302658922767732 -0.22047169841221068
11026.0 1764602434.1619 0.6994439470861742 0.6421670791597676 0.2230936484399356 0.2205194579933584 1.933938002176275 1.7755694695869695 0.6168461197777569 -178.12298597951101 -351.58220619846134 391.6207841979625 4.606934888023542 0.6994439470861742 0.6421670791597676 0.2230936484399356 -0.22051945799335837
11027.0 1764602434.1952667 0.6994605075395948 0.6421065243868571 0.22313944940849967 0.2205969080697978 1.9339046299513414 1.7753293674888615 0.6169475040897326 -178.12298597951101 -351.58220619846134 391.6207841979625 4.607789062590068 0.6994605075395947 0.642106524386857 0.22313944940849964 -0.22059690806979781
11028.0 1764602434.2286334 0.6993714270406229 0.642183502121284 0.2231781969927695 0.22061606702473452 1.9336387570295046 1.7755242219160987 0.6170483876575621 -178.12298597951101 -351.58220619846134 391.6207841979625 4.557024690011085 0.6993714270406229 0.642183502121284 0.22317819699276953 -0.2206160670247345
11029.0 1764602434.262 0.6993957430843352 0.6421028975433896 0.22321949918726564 0.22073178000568972 1.9335877456539354 1.7751928095293987 0.6171248431054006 -178.12298597951101 -351.58220619846134 391.6207841979625 4.594215334831591 0.6993957430843353 0.6421028975433895 0.22321949918726564 -0.22073178000568972
11030.0 1764602434.2953668 0.6993533935991669 0.6421394806600338 0.22325753268647747 0.2207210736149526 1.9334816028366897 1.7753039931952947 0.6172334846657264 -178.12298597951101 -351.58220619846134 391.6207841979625 4.570709062376997 0.6993533935991668 0.6421394806600338 0.2232575326864775 -0.22072107361495255
11031.0 1764602434.3287334 0.6992263103649359 0.6422489898350011 0.2233560642940922 0.22070539298443162 1.9331462780926556 1.7756214631859493 0.6175110089238437 -178.12298597951101 -351.58220619846134 391.6207841979625 4.485150725867789 0.699226310364936 0.6422489898350009 0.22335606429409216 -0.22070539298443162
11032.0 1764602434.3621 0.6992679547022637 0.642153464772441 0.223390517698536 0.22081651163271865 1.9331478991876099 1.775253124404144 0.6175699988586356 -178.12298597951101 -351.58220619846134 391.6207841979625 4.578335828731887 0.6992679547022637 0.642153464772441 0.223390517698536 -0.22081651163271865
11033.0 1764602434.3954666 0.6992569375575305 0.6421495684596251 0.22341577229122364 0.2208371791530971 1.9330963312749105 1.7752229663319412 0.6176330710048658 -178.12298597951101 -351.58220619846134 391.6207841979625 4.593857755508628 0.6992569375575305 0.6421495684596252 0.22341577229122367 -0.2208371791530971
11034.0 1764602434.4288332 0.6992736799922408 0.6421283622819947 0.22341701928188612 0.22084456596971141 1.9331350704991144 1.7751574131937276 0.6176341076143225 -178.12298597951101 -351.58220619846134 391.6207841979625 4.561657640612112 0.6992736799922405 0.6421283622819947 0.22341701928188612 -0.22084456596971141
11035.0 1764602434.4622 0.6993826933320607 0.6420188379042538 0.2233759904079355 0.22085929220419556 1.9334213925700943 1.7748408238745494 0.6175158787296183 -178.12298597951101 -351.58220619846134 391.6207841979625 4.611843216965046 0.6993826933320607 0.6420188379042537 0.2233759904079355 -0.22085929220419556
11036.0 1764602434.4955666 0.699393604678465 0.6420659166054736 0.2232606179819496 0.2208045310376442 1.9335075025691677 1.7750223316259297 0.6172147943714534 -178.12298597951101 -351.58220619846134 391.6207841979625 4.620007859346095 0.699393604678465 0.6420659166054736 0.2232606179819496 -0.2208045310376442
11037.0 1764602434.5289333 0.6994050438355729 0.6421081437478715 0.2231863403603613 0.2207205787111209 1.933624904406692 1.775217821227395 0.6170368227222002 -178.12298597951101 -351.58220619846134 391.6207841979625 4.600354137343239 0.6994050438355729 0.6421081437478715 0.2231863403603613 -0.2207205787111209
11038.0 1764602434.5623 0.6993769141465418 0.6421863807481641 0.22314399053899797 0.22062489394165444 1.933644907772135 1.775523898282574 0.6169509348649701 -178.12298597951101 -351.58220619846134 391.6207841979625 4.517790333080759 0.6993769141465418 0.6421863807481641 0.223143990538998 -0.22062489394165444
11039.0 1764602434.5956666 0.6994042971932819 0.6421641968673788 0.2231230642272662 0.2206238235981805 1.9337217105285924 1.7754635683392754 0.6168934265165028 -178.12298597951101 -351.58220619846134 391.6207841979625 4.589516093927103 0.6994042971932819 0.6421641968673787 0.2231230642272661 -0.22062382359818047
11040.0 1764602434.6290333 0.699364644154567 0.6422166779968247 0.2231231451675583 0.22059667971167513 1.933639815260465 1.7756341401846947 0.6169024997305677 -178.12298597951101 -351.58220619846134 391.6207841979625 4.598409912544229 0.699364644154567 0.6422166779968247 0.2231231451675583 -0.2205966797116751
11041.0 1764602434.6624 0.6993108104545911 0.6423021731037896 0.22304254243412167 0.22059993896648222 1.9334876426605865 1.7758674626278472 0.6166785828802462 -178.12298597951101 -351.58220619846134 391.6207841979625 4.532789494938322 0.6993108104545911 0.6423021731037896 0.22304254243412164 -0.22059993896648222
11042.0 1764602434.6957667 0.6993314368586037 0.6423159769192965 0.22299392970538395 0.22054349804526335 1.93360234782026 1.7759586021080442 0.6165625671925515 -178.12298597951101 -351.58220619846134 391.6207841979625 4.520373761421303 0.6993314368586037 0.6423159769192965 0.22299392970538393 -0.22054349804526338
11043.0 1764602434.7291334 0.6993745490745484 0.6423387759423103 0.22290652960261984 0.22042870976400278 1.9338388710635506 1.7761293929731101 0.616358304902336 -178.12298597951101 -351.58220619846134 391.6207841979625 4.497422652620243 0.6993745490745483 0.6423387759423103 0.22290652960261986 -0.22042870976400272
11044.0 1764602434.7625 0.6993522178982516 0.6424170823969471 0.22284991685220804 0.22032857763883965 1.9338794755996394 1.7764399377407967 0.6162343799162329 -178.12298597951101 -351.58220619846134 391.6207841979625 4.49658363182652 0.6993522178982517 0.642417082396947 0.22284991685220798 -0.22032857763883962
11045.0 1764602434.7958667 0.6993442525457981 0.6424275165587345 0.2228375866820503 0.2203359080155916 1.9338499561749123 1.7764619073083865 0.6161978963443122 -178.12298597951101 -351.58220619846134 391.6207841979625 4.4569908471183375 0.6993442525457984 0.6424275165587345 0.2228375866820503 -0.22033590801559164
11046.0 1764602434.8292334 0.699257269759652 0.6424786858623524 0.22292889223595042 0.22037041068917168 1.9335741643881816 1.7765710016579594 0.6164391350143141 -178.12298597951101 -351.58220619846134 391.6207841979625 4.433849837228897 0.6992572697596519 0.6424786858623524 0.22292889223595042 -0.22037041068917163
11047.0 1764602434.8626 0.6991890253929667 0.6424376713421548 0.22309327179147198 0.2205401035908874 1.933212058291478 1.776298265324352 0.6168383476965685 -178.12298597951101 -351.58220619846134 391.6207841979625 4.375917552221529 0.6991890253929667 0.6424376713421547 0.22309327179147195 -0.22054010359088744
11048.0 1764602434.8959668 0.6991861074556085 0.6423417179936659 0.22320810956485282 0.22071258299087715 1.933027784829026 1.7758710806698925 0.6170996148052269 -178.12298597951101 -351.58220619846134 391.6207841979625 4.465406932054299 0.6991861074556083 0.6423417179936659 0.22320810956485276 -0.22071258299087715
