pils/analyze/ekf/ekfTestData/sample_photo.ecsv
# %ECSV 1.0
# ---
# datatype:
# - {name: frame, datatype: float64}
# - {name: time, datatype: float64}
# - {name: quat_x_corr, datatype: float64}
# - {name: quat_y_corr, datatype: float64}
# - {name: quat_z_corr, datatype: float64}
# - {name: quat_w_corr, datatype: float64}
# - {name: rvec_x_corr, datatype: float64}
# - {name: rvec_y_corr, datatype: float64}
# - {name: rvec_z_corr, datatype: float64}
# - {name: drone_E, datatype: float64}
# - {name: drone_N, datatype: float64}
# - {name: drone_U, datatype: float64}
# - {name: projection_error, datatype: float64}
# - {name: quat_x_corr_world, datatype: float64}
# - {name: quat_y_corr_world, datatype: float64}
# - {name: quat_z_corr_world, datatype: float64}
# - {name: quat_w_corr_world, datatype: float64}
# schema: astropy-2.0
frame time quat_x_corr quat_y_corr quat_z_corr quat_w_corr rvec_x_corr rvec_y_corr rvec_z_corr drone_E drone_N drone_U projection_error quat_x_corr_world quat_y_corr_world quat_z_corr_world quat_w_corr_world
[from data line 9214]
14781.0 1764602559.4537334 0.6950002044464387 0.6349767118274766 0.2404866896360585 0.23652789130262022 1.9055590663176596 1.7409860060216331 0.6593690028188028 -178.19380776172125 -370.86888742402044 374.2500851651046 4.408752266165421 0.6950002044464387 0.6349767118274766 0.24048668963605854 -0.2365278913026202
14782.0 1764602559.4871 0.6949949883048339 0.6349498763372136 0.24052112236077114 0.23658024107865824 1.9054926816182969 1.7408648449481028 0.6594453861472265 -178.19380776172125 -370.86888742402044 374.2500851651046 4.4016179928920005 0.6949949883048339 0.6349498763372136 0.24052112236077114 -0.23658024107865822
14783.0 1764602559.5204666 0.6950439388538658 0.6348839003272415 0.2405110425581657 0.23662374051509935 1.9055836129109627 1.7406444239476435 0.6594027741307057 -178.19380776172125 -370.86888742402044 374.2500851651046 4.460345166868637 0.6950439388538658 0.6348839003272416 0.24051104255816572 -0.23662374051509938
14784.0 1764602559.5538332 0.6950485150191659 0.6348773260371836 0.24052453938304616 0.23661421894742896 1.905605632256987 1.7406350522961 0.6594430561896985 -178.19380776172125 -370.86888742402044 374.2500851651046 4.484563383623993 0.6950485150191656 0.6348773260371837 0.24052453938304622 -0.23661421894742896
14785.0 1764602559.5872 0.6950569611056656 0.6348598710640634 0.2405151800859217 0.23664575440796493 1.9055974142582235 1.7405585389599043 0.6594065391885297 -178.19380776172125 -370.86888742402044 374.2500851651046 4.475380652464102 0.6950569611056655 0.6348598710640634 0.24051518008592174 -0.23664575440796493
14786.0 1764602559.6205666 0.6950787928661194 0.6348195753651165 0.24051347091968572 0.23669146319036743 1.905611794428275 1.7404065302604075 0.6593861179587364 -178.19380776172125 -370.86888742402044 374.2500851651046 4.475021916762434 0.6950787928661194 0.6348195753651166 0.2405134709196857 -0.2366914631903674
14787.0 1764602559.6539333 0.6950415543821299 0.6348552610859411 0.24051471472678532 0.23670383848486157 1.9054973914665618 1.7404931206357621 0.6593852678760023 -178.19380776172125 -370.86888742402044 374.2500851651046 4.535814898464617 0.6950415543821299 0.6348552610859411 0.24051471472678537 -0.23670383848486157
14788.0 1764602559.6873 0.6950457365046668 0.6348275471632763 0.24052720860690333 0.23675318677710502 1.9054597675173557 1.7403723048709436 0.6594025327002796 -178.19380776172125 -370.86888742402044 374.2500851651046 4.532738812821959 0.6950457365046667 0.6348275471632763 0.24052720860690333 -0.23675318677710505
14789.0 1764602559.7206666 0.6950517777465814 0.6348170930727361 0.24054814198654187 0.23674221419261138 1.905487244377608 1.7403536140641447 0.6594636988054862 -178.19380776172125 -370.86888742402044 374.2500851651046 4.557543204108987 0.6950517777465814 0.6348170930727361 0.24054814198654187 -0.23674221419261135
14790.0 1764602559.7540333 0.6951678643567911 0.6346938583959278 0.24057060445442233 0.23670895790514984 1.9058385840975036 1.7400459751399608 0.6595367301581421 -178.19380776172125 -370.86888742402044 374.2500851651046 4.5284689773349065 0.6951678643567911 0.6346938583959277 0.24057060445442235 -0.23670895790514987
14791.0 1764602559.7874 0.6950878064012107 0.6347995787664429 0.24059766681575964 0.2366330469590259 1.905694624026844 1.7404047854803633 0.6596370645287101 -178.19380776172125 -370.86888742402044 374.2500851651046 4.496463289693959 0.6950878064012106 0.6347995787664429 0.24059766681575961 -0.23663304695902584
14792.0 1764602559.8207667 0.6950368099267347 0.6348274591968587 0.24067215195404604 0.23663229950777465 1.9055555526314718 1.7404819033441121 0.6598415349658118 -178.19380776172125 -370.86888742402044 374.2500851651046 4.440474350350822 0.6950368099267348 0.6348274591968586 0.24067215195404604 -0.23663229950777467
14793.0 1764602559.8541334 0.6950084650983198 0.6348089294946903 0.24070232884500753 0.23673454619905535 1.9053761298517358 1.7403382002042327 0.6598890442523172 -178.19380776172125 -370.86888742402044 374.2500851651046 4.410226409861895 0.6950084650983197 0.6348089294946903 0.24070232884500753 -0.23673454619905535
14794.0 1764602559.8875 0.6950486108440613 0.6346542465317598 0.2408263554013393 0.23690521831958963 1.9053164320902594 1.739759127270769 0.6601702457463462 -178.19380776172125 -370.86888742402044 374.2500851651046 4.519233241960858 0.6950486108440613 0.6346542465317598 0.24082635540133923 -0.23690521831958963
14795.0 1764602559.9208667 0.6949993273292876 0.6346557786893606 0.24089545301318308 0.23697543819056907 1.905111504581467 1.739699562122524 0.6603354577339599 -178.19380776172125 -370.86888742402044 374.2500851651046 4.428051991705753 0.6949993273292877 0.6346557786893606 0.24089545301318313 -0.23697543819056907
14796.0 1764602559.9542334 0.6950571600910634 0.6345563210337437 0.24092896815710438 0.23703808121274367 1.9052077406491306 1.7393700606622486 0.6604057355791922 -178.19380776172125 -370.86888742402044 374.2500851651046 4.600807350670257 0.6950571600910633 0.6345563210337438 0.2409289681571044 -0.23703808121274367
14797.0 1764602559.9876 0.6950385136366679 0.6345748604853195 0.2409504684369722 0.2370212706947892 1.9051733449662 1.73943614038958 0.6604704644658141 -178.19380776172125 -370.86888742402044 374.2500851651046 4.645785684914764 0.6950385136366677 0.6345748604853195 0.24095046843697215 -0.2370212706947892
14798.0 1764602560.0209668 0.6945209126075311 0.6343876244200795 0.24199488953541579 0.23797377454709676 1.9028086822388353 1.738058937807004 0.6630037605874445 -178.1925006757766 -371.9416521406394 373.2060224621324 4.296552792840828 0.6945209126075311 0.6343876244200792 0.24199488953541576 -0.23797377454709676
14799.0 1764602560.0543334 0.6945362765525223 0.6344455669880031 0.2419077164667667 0.2378630694236998 1.902960652311041 1.7383180559036477 0.6628031990088005 -178.1925006757766 -371.9416521406394 373.2060224621324 4.355331542383106 0.6945362765525223 0.6344455669880031 0.24190771646676668 -0.23786306942369978
14800.0 1764602560.0877 0.6945584904394515 0.634453257492164 0.2419098485498885 0.23777550881161486 1.9031084354069274 1.7384185246094825 0.6628393140684514 -178.1925006757766 -371.9416521406394 373.2060224621324 4.35358455526283 0.6945584904394514 0.634453257492164 0.24190984854988848 -0.23777550881161486
14801.0 1764602560.1210666 0.6945414546035592 0.6344493381827845 0.24194023228254574 0.23780481307086004 1.9030326667931876 1.7383812125027478 0.6629124329346502 -178.1925006757766 -371.9416521406394 373.2060224621324 4.312304654862288 0.6945414546035591 0.6344493381827845 0.24194023228254577 -0.23780481307086004
14802.0 1764602560.1544333 0.6944901259359093 0.6344820990497083 0.2419372801763608 0.23787030799127956 1.902827019785045 1.7384115865070373 0.6628816978390973 -178.1925006757766 -371.9416521406394 373.2060224621324 4.268795193264694 0.6944901259359093 0.6344820990497083 0.24193728017636082 -0.2378703079912796
14803.0 1764602560.1878 0.6943810947465188 0.6345674024173495 0.24199671005504836 0.23790060817588665 1.902498218226018 1.7386178304350683 0.6630340502924471 -178.1925006757766 -371.9416521406394 373.2060224621324 4.266763488370883 0.6943810947465185 0.6345674024173495 0.24199671005504833 -0.23790060817588668
14804.0 1764602560.2211666 0.694478092903824 0.6344101866572178 0.24202919874470066 0.23800369849483374 1.9026616723618113 1.7380936260515762 0.6630874101708409 -178.1925006757766 -371.9416521406394 373.2060224621324 4.284790969744636 0.6944780929038241 0.6344101866572177 0.2420291987447007 -0.2380036984948337
14805.0 1764602560.2545333 0.6944741918527694 0.6343924228991321 0.2420518761326039 0.2380393662386505 1.9026155915987697 1.7380126276253298 0.6631372035251389 -178.1925006757766 -371.9416521406394 373.2060224621324 4.3179156386272854 0.6944741918527693 0.634392422899132 0.2420518761326039 -0.23803936623865043
14806.0 1764602560.2879 0.6945218884457266 0.6343381542279598 0.24203768444793447 0.23805926125132998 1.9027265210765212 1.7378459188397293 0.6630914431360264 -178.1925006757766 -371.9416521406394 373.2060224621324 4.392552443455944 0.6945218884457266 0.6343381542279597 0.2420376844479345 -0.23805926125132992
14807.0 1764602560.3212667 0.6945203399815569 0.6343851633154004 0.2420069987754412 0.23796969231584744 1.9028111647099293 1.7380558955478982 0.6630383484810253 -178.1925006757766 -371.9416521406394 373.2060224621324 4.5324456886537785 0.6945203399815569 0.6343851633154005 0.24200699877544118 -0.23796969231584747
14808.0 1764602560.3546333 0.6945829558712137 0.6343600472635236 0.24194866126832076 0.2379132050969334 1.9030387832048827 1.738038289384693 0.6628980484564146 -178.1925006757766 -371.9416521406394 373.2060224621324 4.393210796647708 0.6945829558712137 0.6343600472635235 0.24194866126832074 -0.23791320509693342
14809.0 1764602560.388 0.6946997440281965 0.6342942668712512 0.24178898866189946 0.23790992754249685 1.903362016653059 1.7378610332329945 0.6624617052476379 -178.1925006757766 -371.9416521406394 373.2060224621324 4.392875479065327 0.6946997440281965 0.6342942668712512 0.2417889886618995 -0.23790992754249685
14810.0 1764602560.4213667 0.6946361963894314 0.6344170537676328 0.2417379371693319 0.23781994510035576 1.9032772347943077 1.738279033078592 0.6623529194015468 -178.1925006757766 -371.9416521406394 373.2060224621324 4.550341590388758 0.6946361963894313 0.6344170537676327 0.24173793716933192 -0.23781994510035576
14811.0 1764602560.4547334 0.6946250910439671 0.6344048089187546 0.24177119262760569 0.23785123865211183 1.9032157398985186 1.7382171092997007 0.6624332250528661 -178.1925006757766 -371.9416521406394 373.2060224621324 4.5333116672088485 0.6946250910439671 0.6344048089187546 0.24177119262760566 -0.2378512386521118
14812.0 1764602560.4881 0.6946144957275252 0.6343487837059084 0.24186722859399845 0.23793395442493903 1.9031046007667727 1.7379886198560976 0.6626677651318515 -178.1925006757766 -371.9416521406394 373.2060224621324 4.5291998868207966 0.6946144957275251 0.6343487837059085 0.24186722859399845 -0.23793395442493898
14813.0 1764602560.5214667 0.6945165085496965 0.6343419233861134 0.24202615984355708 0.2380766295505008 1.9026945476329475 1.7378405035787432 0.6630538641630069 -178.1925006757766 -371.9416521406394 373.2060224621324 4.499853960502774 0.6945165085496967 0.6343419233861134 0.2420261598435571 -0.2380766295505008
14814.0 1764602560.5548334 0.6945240957993928 0.6342532487274783 0.2421233075169059 0.23819194106801617 1.9026009184043096 1.7374930845860401 0.6632801223671483 -178.1925006757766 -371.9416521406394 373.2060224621324 4.509479457608756 0.6945240957993927 0.6342532487274785 0.2421233075169059 -0.2381919410680162
14815.0 1764602560.5882 0.6946469459420872 0.6341389223437497 0.24208919150633484 0.23817277555977723 1.9029564766442066 1.7371972574206378 0.6631932920654443 -178.1925006757766 -371.9416521406394 373.2060224621324 4.564241083795567 0.6946469459420871 0.6341389223437497 0.24208919150633484 -0.23817277555977717
14816.0 1764602560.6215668 0.6946693321864392 0.6342205361649971 0.24197345697658604 0.2380077237087705 1.9031816152185141 1.7375703928431085 0.6629333027258354 -178.1925006757766 -371.9416521406394 373.2060224621324 4.537351764171574 0.6946693321864393 0.6342205361649971 0.24197345697658607 -0.23800772370877052
14817.0 1764602560.6549332 0.6946505217372079 0.6343123164208438 0.24190433832254402 0.2378882699667652 1.9032486553408534 1.737930118118917 0.6627852311722232 -178.1925006757766 -371.9416521406394 373.2060224621324 4.499699329122953 0.6946505217372078 0.6343123164208438 0.24190433832254404 -0.23788826996676524
14818.0 1764602560.6883 0.694610606581432 0.6343501992563608 0.24191070505955145 0.23789733227924387 1.903130297438595 1.738025696631022 0.6627995422347345 -178.1925006757766 -371.9416521406394 373.2060224621324 4.44198782863439 0.694610606581432 0.6343501992563609 0.24191070505955148 -0.23789733227924387
14819.0 1764602560.7216666 0.694534089956196 0.6343798722248385 0.24199087948556217 0.2379600593598022 1.9028583964688262 1.7380501315493218 0.6629975166906779 -178.1925006757766 -371.9416521406394 373.2060224621324 4.450221080828614 0.6945340899561959 0.6343798722248383 0.24199087948556214 -0.2379600593598022
14820.0 1764602560.7550333 0.6946083877308686 0.6342482792300074 0.24203598367094242 0.23804808463026297 1.902974588540044 1.7376098237782862 0.6630906487362415 -178.1925006757766 -371.9416521406394 373.2060224621324 4.569792620357684 0.6946083877308687 0.6342482792300074 0.2420359836709424 -0.23804808463026292
14821.0 1764602560.7884 0.6947214323438727 0.6341529906607535 0.24192214688841712 0.23808777944909176 1.9032448888984927 1.7373128020287678 0.6627650568131939 -178.1925006757766 -371.9416521406394 373.2060224621324 4.55405800407893 0.6947214323438727 0.6341529906607535 0.24192214688841712 -0.23808777944909182
14822.0 1764602560.8217666 0.6947681189496461 0.6341272563830458 0.24186795946333228 0.2380751431551078 1.9033853339116318 1.7372537494349074 0.6626209727090331 -178.1925006757766 -371.9416521406394 373.2060224621324 4.6193321205948275 0.6947681189496462 0.6341272563830458 0.24186795946333225 -0.23807514315510786
14823.0 1764602560.8551333 0.6948251167535305 0.6340662183726986 0.24184906510537238 0.23809056586653185 1.9035261745089422 1.7370725581764914 0.6625638806201869 -178.1925006757766 -371.9416521406394 373.2060224621324 4.602188992734176 0.6948251167535305 0.6340662183726986 0.2418490651053725 -0.23809056586653188
14824.0 1764602560.8885 0.6947690806094484 0.6341404658808466 0.24177867147120816 0.23812784000016055 1.9033356605972735 1.7372421948887313 0.6623581564385537 -178.1925006757766 -371.9416521406394 373.2060224621324 4.54635120776982 0.6947690806094486 0.6341404658808467 0.24177867147120816 -0.23812784000016063
14825.0 1764602560.9218667 0.6947698589470787 0.6341377218876701 0.24176573805544876 0.23814600706347483 1.9033197606982504 1.737218219141124 0.6623164502243948 -178.1925006757766 -371.9416521406394 373.2060224621324 4.556411782000479 0.6947698589470787 0.6341377218876699 0.24176573805544876 -0.23814600706347483
14826.0 1764602560.9552333 0.6947435146885569 0.6341362125396128 0.24183461249431445 0.23815695023204878 1.9032367293861268 1.7372041704919532 0.6625013507932808 -178.1925006757766 -371.9416521406394 373.2060224621324 4.641659927919024 0.6947435146885569 0.6341362125396127 0.24183461249431445 -0.23815695023204872
14827.0 1764602560.9886 0.6941147209069093 0.634049470221396 0.24293647377057348 0.23909808289530454 1.9005814804218362 1.7361145708011543 0.6651934457809323 -178.19187589102302 -373.01756541797863 372.19085937212736 4.261460085183147 0.6941147209069093 0.634049470221396 0.2429364737705735 -0.23909808289530457
14828.0 1764602561.0219667 0.6940949970178736 0.6340533046083472 0.24294050089614186 0.23914107772259513 1.9004848929482643 1.7360861725114234 0.6651895688948649 -178.19187589102302 -373.01756541797863 372.19085937212736 4.367032198962716 0.6940949970178736 0.6340533046083473 0.24294050089614191 -0.23914107772259513
14829.0 1764602561.0553334 0.6941710256358286 0.6339830882615076 0.24291231621213824 0.23913518686834337 1.9006988997088183 1.735899243545799 0.6651144388045194 -178.19187589102302 -373.01756541797863 372.19085937212736 4.342400621159083 0.6941710256358287 0.6339830882615075 0.24291231621213824 -0.23913518686834342
14830.0 1764602561.0887 0.6941595858444723 0.6340402104671333 0.24279722945108062 0.23913382500579722 1.900668925440499 1.736056880996006 0.6647997933203077 -178.19187589102302 -373.01756541797863 372.19085937212736 4.295494178229491 0.6941595858444725 0.6340402104671333 0.24279722945108057 -0.23913382500579722
