pils/analyze/ekf/ekfTestData/sample_photo.ecsv
# %ECSV 1.0
# ---
# datatype:
# - {name: frame, datatype: float64}
# - {name: time, datatype: float64}
# - {name: quat_x_corr, datatype: float64}
# - {name: quat_y_corr, datatype: float64}
# - {name: quat_z_corr, datatype: float64}
# - {name: quat_w_corr, datatype: float64}
# - {name: rvec_x_corr, datatype: float64}
# - {name: rvec_y_corr, datatype: float64}
# - {name: rvec_z_corr, datatype: float64}
# - {name: drone_E, datatype: float64}
# - {name: drone_N, datatype: float64}
# - {name: drone_U, datatype: float64}
# - {name: projection_error, datatype: float64}
# - {name: quat_x_corr_world, datatype: float64}
# - {name: quat_y_corr_world, datatype: float64}
# - {name: quat_z_corr_world, datatype: float64}
# - {name: quat_w_corr_world, datatype: float64}
# schema: astropy-2.0
frame time quat_x_corr quat_y_corr quat_z_corr quat_w_corr rvec_x_corr rvec_y_corr rvec_z_corr drone_E drone_N drone_U projection_error quat_x_corr_world quat_y_corr_world quat_z_corr_world quat_w_corr_world
[from data line 6762]
12329.0 1764602477.6386666 0.6966189335787235 0.6377190699397396 0.23330504239327882 0.23152798191299834 1.9149995121076682 1.7530842888845315 0.6413535734094401 -178.09131150321952 -362.8250508271453 381.6231526916123 4.541658957724252 0.6966189335787236 0.6377190699397396 0.23330504239327882 -0.23152798191299834
12330.0 1764602477.6720333 0.696637756968555 0.6377288924123765 0.2332529472619427 0.23149677738992716 1.9150825777590357 1.7531399625926911 0.6412208512155864 -178.09131150321952 -362.8250508271453 381.6231526916123 4.493598477319127 0.696637756968555 0.6377288924123765 0.23325294726194268 -0.23149677738992716
12331.0 1764602477.7054 0.6965759364536238 0.6378222621532368 0.23324451723899498 0.23143405504253883 1.9149755842049614 1.7534542828226785 0.6412187563302165 -178.09131150321952 -362.8250508271453 381.6231526916123 4.4356340475747045 0.6965759364536238 0.6378222621532368 0.23324451723899498 -0.2314340550425388
12332.0 1764602477.7387667 0.6965668015735471 0.6378335745993623 0.23324634523772067 0.23142852998851313 1.914956016828662 1.7534904601470847 0.6412256386713662 -178.09131150321952 -362.8250508271453 381.6231526916123 4.425054667736062 0.6965668015735473 0.6378335745993624 0.23324634523772075 -0.23142852998851315
12333.0 1764602477.7721334 0.6965489616106915 0.6378522513766496 0.23326306861065724 0.23141389395441853 1.9149216625548262 1.7535552574022597 0.6412765329857956 -178.09131150321952 -362.8250508271453 381.6231526916123 4.444620614788918 0.6965489616106915 0.6378522513766496 0.23326306861065726 -0.23141389395441853
12334.0 1764602477.8055 0.6965367447418385 0.6378574659311675 0.23329488937551993 0.23140421554409066 1.914897790680338 1.7535784888609978 0.641367266859372 -178.09131150321952 -362.8250508271453 381.6231526916123 4.411281452660392 0.6965367447418387 0.6378574659311677 0.23329488937551993 -0.23140421554409069
12335.0 1764602477.8388667 0.6965109804991834 0.6378741505496416 0.23331876138218835 0.2314117060386545 1.9148194424745375 1.7536174726908216 0.6414303766876729 -178.09131150321952 -362.8250508271453 381.6231526916123 4.357056333392131 0.6965109804991834 0.6378741505496416 0.23331876138218835 -0.23141170603865452
12336.0 1764602477.8722334 0.6964228586570781 0.6379575392363985 0.23336247348911904 0.2314029732704028 1.914585945166872 1.7538547493839332 0.6415534848083538 -178.09131150321952 -362.8250508271453 381.6231526916123 4.300088401146719 0.6964228586570781 0.6379575392363985 0.23336247348911904 -0.23140297327040285
12337.0 1764602477.9056 0.6963120309301306 0.6380319848966002 0.23347945251987776 0.23141323877833725 1.9142709605679797 1.7540499752239151 0.6418716265049851 -178.09131150321952 -362.8250508271453 381.6231526916123 4.394818339374196 0.6963120309301304 0.6380319848966002 0.23347945251987776 -0.23141323877833722
12338.0 1764602477.9389668 0.6964048876144302 0.6379013688497478 0.2335096366193626 0.23146344361960064 1.9144758590805149 1.7536447443967536 0.641937714856971 -178.09131150321952 -362.8250508271453 381.6231526916123 4.334576279144057 0.6964048876144303 0.6379013688497478 0.2335096366193626 -0.23146344361960064
12339.0 1764602477.9723334 0.6964291091369829 0.6378797632505935 0.23347904393652355 0.23148097032914422 1.9145248587093033 1.7535692399822669 0.6418477167878315 -178.09131150321952 -362.8250508271453 381.6231526916123 4.298158365047987 0.696429109136983 0.6378797632505934 0.23347904393652352 -0.2314809703291442
12340.0 1764602478.0057 0.6970001988064463 0.6379880735873851 0.23237751089652312 0.23057023496880089 1.9170099796224112 1.7547046701585292 0.6391246490191539 -178.06621017385766 -361.735460882496 382.61121554911176 4.6330627835937594 0.6970001988064463 0.6379880735873851 0.23237751089652314 -0.23057023496880086
12341.0 1764602478.0390666 0.6969980675568955 0.6379830634470925 0.23239547504488436 0.23057243494242544 1.917001905945485 1.7546888657466495 0.6391733195985994 -178.06621017385766 -361.735460882496 382.61121554911176 4.6310200457954105 0.6969980675568956 0.6379830634470923 0.23239547504488434 -0.23057243494242544
12342.0 1764602478.0724332 0.696978214862161 0.6380129485501724 0.2323938006414131 0.2305514409265517 1.9169684116414363 1.7547903829831637 0.6391757523999363 -178.06621017385766 -361.735460882496 382.61121554911176 4.6380778937950495 0.6969782148621612 0.6380129485501724 0.23239380064141313 -0.23055144092655167
12343.0 1764602478.1058 0.6969736225534159 0.6380157076825705 0.23241273774406865 0.23053859882758068 1.9169686929361278 1.7548097914354586 0.6392321426207334 -178.06621017385766 -361.735460882496 382.61121554911176 4.687442698109258 0.6969736225534157 0.6380157076825705 0.23241273774406865 -0.23053859882758068
12344.0 1764602478.1391666 0.6969784231266893 0.6380035340382154 0.23242184019766401 0.23054859888906892 1.9169718419554587 1.7547671050313414 0.6392538252700064 -178.06621017385766 -361.735460882496 382.61121554911176 4.643949385865624 0.6969784231266893 0.6380035340382154 0.23242184019766404 -0.2305485988890689
12345.0 1764602478.1725333 0.6969594381492563 0.6380176279779787 0.23243453570475098 0.23055419010667183 1.9169140041274197 1.754800722978703 0.6392868682838244 -178.06621017385766 -361.735460882496 382.61121554911176 4.620339404910889 0.6969594381492562 0.6380176279779788 0.23243453570475095 -0.2305541901066718
12346.0 1764602478.2059 0.6970876047427988 0.6378871194581096 0.23240272802948003 0.23055989709365865 1.917260774040827 1.75443652143861 0.6391974713069285 -178.06621017385766 -361.735460882496 382.61121554911176 4.701340017519418 0.6970876047427988 0.6378871194581096 0.23240272802948003 -0.23055989709365868
12347.0 1764602478.2392666 0.6969683324081283 0.6380547356257348 0.2323943953026985 0.2304650580840823 1.917028087268748 1.754984828626489 0.6392063489883658 -178.06621017385766 -361.735460882496 382.61121554911176 4.6748518213140695 0.6969683324081284 0.6380547356257348 0.23239439530269848 -0.23046505808408227
12348.0 1764602478.2726333 0.6969773988966251 0.6380436613965714 0.2323967675579735 0.23046590638868317 1.9170521718502405 1.7549535878092293 0.6392125895090425 -178.06621017385766 -361.735460882496 382.61121554911176 4.651640476628959 0.6969773988966251 0.6380436613965712 0.2323967675579735 -0.23046590638868317
12349.0 1764602478.306 0.6969762126690012 0.6380510699639289 0.23239488713119902 0.23045087877189324 1.9170640202276077 1.7549877988109688 0.6392124559000639 -178.06621017385766 -361.735460882496 382.61121554911176 4.573943545973414 0.6969762126690012 0.6380510699639289 0.232394887131199 -0.23045087877189321
12350.0 1764602478.3393667 0.6970055219928679 0.6380104574972546 0.23239855601626894 0.2304709734373216 1.9171244297112775 1.754857595650112 0.6392158097894853 -178.06621017385766 -361.735460882496 382.61121554911176 4.599349597657409 0.697005521992868 0.6380104574972546 0.2323985560162689 -0.2304709734373216
12351.0 1764602478.3727334 0.697001332535924 0.6380255602276581 0.23239592391732883 0.2304444867770551 1.9171395413713141 1.7549235171010011 0.6392174508109242 -178.06621017385766 -361.735460882496 382.61121554911176 4.549682253553583 0.6970013325359241 0.6380255602276582 0.23239592391732886 -0.23044448677705512
12352.0 1764602478.4061 0.6969719423592854 0.6380736915680493 0.23236259924292302 0.23043371751052288 1.9170695314261779 1.755065819104612 0.6391293998775769 -178.06621017385766 -361.735460882496 382.61121554911176 4.546271883794974 0.6969719423592855 0.6380736915680493 0.23236259924292302 -0.23043371751052286
12353.0 1764602478.4394667 0.6969439227491552 0.638099404426882 0.23237624622268677 0.2304335019143949 1.9169926783416422 1.7551367425880577 0.6391670091221054 -178.06621017385766 -361.735460882496 382.61121554911176 4.504285561155593 0.6969439227491552 0.638099404426882 0.23237624622268674 -0.23043350191439493
12354.0 1764602478.4728334 0.6968869523259228 0.6381464603903994 0.232405632716012 0.23044585622432331 1.9168235555660227 1.7552547986367233 0.6392436961969883 -178.06621017385766 -361.735460882496 382.61121554911176 4.52997367048699 0.6968869523259228 0.6381464603903994 0.23240563271601192 -0.2304458562243233
12355.0 1764602478.5062 0.69697099248271 0.6380412871381498 0.23237176385309563 0.23051705990785243 1.9169831156596164 1.7548999710599928 0.6391266676331273 -178.06621017385766 -361.735460882496 382.61121554911176 4.636601536410466 0.69697099248271 0.6380412871381499 0.23237176385309566 -0.23051705990785246
12356.0 1764602478.5395668 0.6969705364063746 0.638076113076766 0.2323004091963382 0.2304939591170895 1.9170050888103616 1.755017022847723 0.6389381520461597 -178.06621017385766 -361.735460882496 382.61121554911176 4.602489591436717 0.6969705364063745 0.6380761130767661 0.2323004091963382 -0.2304939591170895
12357.0 1764602478.5729334 0.6970163692822222 0.6380724976044863 0.23224325993713668 0.23042295234453763 1.9172025567783089 1.7550724455395423 0.6388047560554821 -178.06621017385766 -361.735460882496 382.61121554911176 4.612866961326953 0.6970163692822222 0.6380724976044863 0.23224325993713668 -0.23042295234453763
12358.0 1764602478.6063 0.6969779240678894 0.638157959079901 0.2321885332964071 0.23035771667268723 1.917162414029161 1.7553675821192507 0.6386760808812515 -178.06621017385766 -361.735460882496 382.61121554911176 4.540380909318107 0.6969779240678893 0.6381579590799011 0.23218853329640712 -0.23035771667268723
12359.0 1764602478.6396666 0.6969889796554573 0.6381673778126672 0.23215602732351492 0.230330933901447 1.9172197604355226 1.7554181528273 0.6385956393584235 -178.06621017385766 -361.735460882496 382.61121554911176 4.50800063662209 0.696988979655457 0.6381673778126672 0.23215602732351495 -0.230330933901447
12360.0 1764602478.6730332 0.6970186620375265 0.6381523598563986 0.23209440458490854 0.23034482356133562 1.9172874384283194 1.7553640526344887 0.6384214809103455 -178.06621017385766 -361.735460882496 382.61121554911176 4.511385757031476 0.6970186620375264 0.6381523598563986 0.23209440458490854 -0.23034482356133562
12361.0 1764602478.7064 0.6970014548467047 0.6382100552098837 0.2320263464970056 0.23030560545029166 1.9172795508631149 1.7555588722239446 0.6382474043731066 -178.06621017385766 -361.735460882496 382.61121554911176 4.58431207757232 0.6970014548467051 0.6382100552098837 0.2320263464970056 -0.23030560545029163
12362.0 1764602478.7397666 0.6970236376937243 0.6382125957983981 0.23196561640700372 0.23029260488647293 1.9173536467872645 1.7555778338141752 0.6380847025774098 -178.06621017385766 -361.735460882496 382.61121554911176 4.60324543079102 0.6970236376937243 0.6382125957983981 0.23196561640700375 -0.230292604886473
12363.0 1764602478.7731333 0.6970281359264031 0.638222859398382 0.23193876363527252 0.2302775920311355 1.9173811211657552 1.7556198934214786 0.6380158615401343 -178.06621017385766 -361.735460882496 382.61121554911176 4.582195689161423 0.6970281359264031 0.638222859398382 0.23193876363527247 -0.2302775920311355
12364.0 1764602478.8065 0.6970466337626974 0.6382021522376249 0.2319376402447531 0.2302801213241195 1.9174294607199418 1.7555606028676334 0.6380119247610552 -178.06621017385766 -361.735460882496 382.61121554911176 4.6038006654743295 0.6970466337626972 0.6382021522376249 0.2319376402447531 -0.23028012132411946
12365.0 1764602478.8398666 0.6969831431143226 0.638266503641142 0.23195894777814943 0.23027248009661316 1.9172624967901635 1.7557446582145282 0.6380730951150245 -178.06621017385766 -361.735460882496 382.61121554911176 4.548534135524149 0.6969831431143227 0.6382665036411421 0.23195894777814946 -0.23027248009661316
12366.0 1764602478.8732333 0.6968811910045148 0.6383578734169478 0.2320250077434021 0.23026121439008135 1.9169933762901095 1.7560063764656852 0.63825858513504 -178.06621017385766 -361.735460882496 382.61121554911176 4.4561440586005565 0.696881191004515 0.6383578734169479 0.23202500774340215 -0.23026121439008135
12367.0 1764602478.9066 0.6968857214385598 0.6383201046485405 0.23205808807062386 0.23031886379005276 1.9169478639415893 1.7558493788495153 0.6383302779099497 -178.06621017385766 -361.735460882496 382.61121554911176 4.375676894250557 0.6968857214385598 0.6383201046485405 0.2320580880706239 -0.2303188637900528
12368.0 1764602478.9399667 0.6968909887981268 0.6383016379720243 0.23206689220125806 0.2303452327230797 1.916935836532588 1.7557742947089066 0.638345665655036 -178.06621017385766 -361.735460882496 382.61121554911176 4.374333321720224 0.6968909887981267 0.6383016379720242 0.2320668922012581 -0.2303452327230797
12369.0 1764602478.9733334 0.6969254024431774 0.6382724330222116 0.23205086557980326 0.23033818714443718 1.9170375833115056 1.7557004497264237 0.6383039404173809 -178.06621017385766 -361.735460882496 382.61121554911176 4.382892387553761 0.6969254024431775 0.6382724330222116 0.23205086557980334 -0.23033818714443718
12370.0 1764602479.0067 0.6974149766996975 0.6383325700176634 0.23117748635860735 0.22956665727086986 1.9191610685697575 1.756576870452673 0.6361590252173428 -178.07849945387937 -360.8687596409588 383.36196451709964 4.637031362247334 0.6974149766996975 0.6383325700176635 0.23117748635860738 -0.22956665727086986
12371.0 1764602479.0400667 0.6974454663368841 0.638302795792688 0.23116534831320015 0.2295690399609693 1.9192425703029103 1.7564927403757153 0.6361248279263937 -178.07849945387937 -360.8687596409588 383.36196451709964 4.610326295007259 0.6974454663368842 0.638302795792688 0.23116534831320013 -0.22956903996096933
12372.0 1764602479.0734334 0.6973398528859216 0.6383750766058474 0.23124559811974219 0.22960806713999027 1.9189126329802024 1.756655659373395 0.6363326256439097 -178.07849945387937 -360.8687596409588 383.36196451709964 4.536245710243466 0.6973398528859216 0.6383750766058474 0.23124559811974219 -0.22960806713999027
12373.0 1764602479.1068 0.6972341666495423 0.6384028210764152 0.2313811568117919 0.22971529154723302 1.9185138392036458 1.7566331453710546 0.6366698201373392 -178.07849945387937 -360.8687596409588 383.36196451709964 4.612433854213758 0.6972341666495421 0.6384028210764151 0.2313811568117918 -0.229715291547233
12374.0 1764602479.1401668 0.6972362675064051 0.6383246573697602 0.23150810141858227 0.2297982115793734 1.9184361328581438 1.7563416366335143 0.636991400919511 -178.07849945387937 -360.8687596409588 383.36196451709964 4.580606709171039 0.6972362675064051 0.6383246573697602 0.2315081014185823 -0.22979821157937338
12375.0 1764602479.1735334 0.6972672184243993 0.6382214029094013 0.23157714888063688 0.22992148898128742 1.9183971843809173 1.7559439336897278 0.6371401646895902 -178.07849945387937 -360.8687596409588 383.36196451709964 4.547131836437052 0.6972672184243992 0.6382214029094013 0.2315771488806369 -0.22992148898128742
12376.0 1764602479.2069 0.697212613586375 0.6382219470267773 0.23163466411690956 0.23002760740583372 1.9181401390144235 1.7558476572804247 0.6372629211974585 -178.07849945387937 -360.8687596409588 383.36196451709964 4.555474164410394 0.6972126135863749 0.6382219470267773 0.23163466411690956 -0.2300276074058337
12377.0 1764602479.2402666 0.6971866282697489 0.6382371473831002 0.2316637136102237 0.23003493834298738 1.9180612714311172 1.755882721707266 0.6373403892935221 -178.07849945387937 -360.8687596409588 383.36196451709964 4.54463137450261 0.697186628269749 0.6382371473831001 0.2316637136102237 -0.23003493834298738
12378.0 1764602479.2736332 0.697135461740425 0.638294964716431 0.23168774244512155 0.23000538255070793 1.9179502484525253 1.7560690186489272 0.6374163811386817 -178.07849945387937 -360.8687596409588 383.36196451709964 4.560860204567854 0.6971354617404251 0.6382949647164309 0.2316877424451215 -0.23000538255070793
